000 000 000 000 000 000 000 000 000 000 000 000 000 000 000 000 000 000 000 000 
000 000 000 000 000 000 000 000 000 000 000 000 000 000 000 000 000 000 000 000 
000 000 000 000 000 000 000 000 000 000 000 000 000 000 000 000 000 000 000 000 
000 000 000 000 110 000 000 000 000 000 000 000 000 000 000 000 000 000 000 000 
000 000 000 000 000 000 000 000 000 000 000 000 000 000 000 000 000 000 000 000 
000 000 000 000 000 000 000 000 000 000 000 000 000 000 000 000 000 000 000 000 
000 000 000 000 000 000 000 000 000 000 000 000 000 000 000 000 000 000 000 000 
000 000 000 000 000 000 000 000 000 000 000 000 000 000 000 000 000 000 000 000 
000 000 000 000 000 000 000 000 000 000 000 000 000 000 000 000 000 000 000 000 
000 000 000 000 000 000 000 000 000 000 000 000 000 000 000 000 000 000 000 000 
000 000 000 000 000 000 000 108 000 000 000 000 000 000 000 000 000 000 000 000 
000 000 000 000 000 000 000 000 000 000 000 000 000 000 000 000 000 000 000 000 
000 000 000 000 000 000 000 000 000 000 000 000 000 000 000 000 000 000 000 000 
000 000 000 000 000 000 000 000 000 000 000 000 000 000 000 000 000 000 000 000 
000 000 000 000 000 000 000 000 000 000 000 000 000 000 000 000 000 000 000 000 
000 107 000 000 000 000 000 000 000 000 000 000 000 000 000 000 000 000 000 000 
000 000 000 000 000 000 000 000 000 000 000 000 000 000 000 000 000 000 000 000 
000 000 000 000 000 000 000 000 000 000 000 000 000 000 000 000 000 000 000 000 
000 000 000 000 000 000 000 000 000 000 000 000 000 000 000 000 000 000 000 000 
000 000 000 000 000 000 000 000 000 000 000 000 000 000 000 000 000 000 000 000 
